@0.5
0,2,2
@0.25
0,2,4
@0.25
0,2,6
@0.25
0,2,8
@0.25
0,2,10
@0.25
0,2,12
@0.25
0,2,14
@0.25
0,2,16
@0.25
1,4,16
0,2,18
@0.25
0,2,20
@0.25
0,2,22
@0.25
0,2,24
@0.25
18,2,25
0,4,24
@0.25
0,6,24
@0.25
0,6,22
@0.25
0,6,20
@0.25
0,6,18
@0.25
0,6,16
@0.25
0,6,14
@0.25
0,6,12
20,8,12
@0.25
0,6,10
20,8,10
@0.25
0,6,8
20,8,8
@0.25
0,6,6
20,8,6
@0.25
0,6,4
20,8,4
@0.25
0,6,2
@0.25
0,6,0
@0.25
0,6,-2
@0.25
0,6,-4
@0.25
0,6,-6
@0.25
0,6,-8
@0.25
0,6,-10
20,4,-10
@0.25
0,6,-12
20,4,-12
@0.25
0,6,-14
20,4,-14
@0.25
0,6,-16
@0.25
0,6,-18
@0.25
17,6,-20
@0.25 
0,8,-18
@0.25
0,10,-18
@0.25
0,10,-16
@0.25
0,10,-14
@0.25
8,12,-14
@0.25
0,10,-12
@0.25
0,10,-10
@0.25
0,10,-8
@0.25
0,10,-6
3,10,-4
@0.25
0,8, -6
@0.25
0,8,-4
@0.25
0,10,-4
@0.25
0,10,-2
@0.25
0,10,0
@0.25
0,10,2
@0.25
0,10,4
@0.25
0,10,6
@0.25
0,10,8
@0.25
0,10,10
@0.25
0,10,12
@0.25
0,10,14
@0.25
0,10,16
@0.25
0,10,18
@0.25
0,10,20
@0.25
0,10,22
@0.25
0,10,24
@0.25
0,12,24
@0.25
0,14,24
@0.25
0,16,22
16,18,24
@0.25
0,16,20
@0.25
0,16,18
@0.25
0,16,16
@0.25
0,16,14
@0.25
0,16,12
@0.25
0,16,10
@0.25
0,16,8
@0.25
0,16,6
@0.25
0,16,4
@0.25
0,16,2
@0.25
0,16,0
@0.25
0,16,-2
@0.25
0,16,-4
@0.25
0,16,-6
@0.25
0,16,-8
@0.25
0,16,-10
@0.25
0,16,-12
@0.25
0,16,-14
@0.25
0,16,-16
@0.25
0,16,-18
@0.25
0,14,-18
@0.25
0,12,-18
@0.25
0,10,-18
@0.25
0,8,-18
@0.25
0,6,-18
@0.25
0,4,-18
@0.25
0,2,-18
@0.25
0,0,-18
@0.25
0,-2,-18
@0.25
0,-2 ,-16
@0.25
0,-2,-14
@0.25
0,-2,-12
@0.25
0,-2,-10
@0.25
0,-2,-8
@0.25
0,-2,-6
@0.25
0,-2,-4
@0.25
0,-2,-2
@0.25
0,-2,0
@0.25
0,-2,2
@0.25
0,-2,4
@0.25
0,-2,6
@0.25
0,-2,8
@0.25
0,-2,10
@0.25
0,-2,12
@0.25
0,-2,14
@0.25
0,-2,16
@0.25
0,-2,18
@0.25
0,-2,20
@0.25
0,-2,22
@0.25
0,-2,24
@0.25
0,-6,24
@0.25
0,-8,24
@0.25
0,-8,22
@0.25
0,-8,20
@0.25
0,-8,18
@0.25
0,-8,16
@0.25
0,-8,14
@0.25
25,-8,12
@0.25
0,-10,14
25,-10,12
@0.25
0,-12,14
@0.25
0,-12,12
@0.25
0,-12,10
25,-10,10
@0.25
0,-12,8
@0.25
0,-12,6
@0.25
0,-10,6
25,-10,8
@0.25
0,-8,6
25,-8,8
@0.25
0,-8,4
4,-10,4
@0.25
0,-8,2
@0.25
0,-8,0
@0.25
0,-8,-2
@0.25
0,-8,-4
5,-10,-4
@0.25
0,-8,-6
@0.25
0,-8,-8
@0.25
0,-8,-10
@0.25
0,-8,-12
@0.25
0,-8,-14
@0.25
0,-8,-16
@0.25
0,-8,-18
@0.25
0, -10,-18
@0.25
0,-12,-18
@0.25
15,-14,-18
@0.25
0,-12,-16
@0.25
0,-12,-14
@0.25
0,-12,-12
@0.25
0,-12,-10
@0.25
0,-12,-8
@0.25
0,-12,-6
@0.25
0,-12,-4
@0.25
0,-12,-2
@0.25
0,-12,0
@0.25
0,-12,2
@0.25
0,-12,4
@0.25
0,-12,6
@0.25
0,-12,8
@0.25
0,-12,10
@0.25
0,-12,12
@0.25
0,-12,14
@0.25
0,-12,16
@0.25
0,-12,18
@0.25
0,-12,20
@0.25
0,-12,22
@0.25
2,-12,24



